-0.007707111566474787 0.010224521931774682 
0.02280700033117159 0.0124471494546066 
0.016179169967948177 0.0108086751249019 
-0.0339181844077097 0.00022621529685546964 
-0.0005628816897329079 0.0001013574912234051 
0.034661354455920286 -0.0030880492406546445 
0.004495606037239426 0.04068362433010506 
-0.022765828990579894 -0.004621376150066193 
0.00945130133593168 0.010257341242529137 
-0.021538615171920805 -0.0114683076364476 
0.017887561440236847 -0.009220541582264851 
-0.03871258492582505 0.009995044762126832 
-0.018522835334890953 -0.002908858285912008 
0.0014115300163013316 -0.0023542378251364716 
-0.013658167796953492 -0.021750913541654638 
-0.0009661565302549678 -0.018604020755334637 
0.00699996671227046 -0.0087609274078834 
-0.03913512886357211 -0.02628437234033097 
0.022788857324475695 -0.004410975723374588 
-0.053648031449936164 -0.01965299690127145 
0.00407534129111227 0.013732617800498465 
0.0018823505280308106 -0.007028246879801532 
0.047957309440082 0.0017882301092702257 
-0.018444910942926787 0.03226531756180263 
-0.017716653866126576 0.010288663701128943 
0.01913329815150193 -0.0050986159281506144 
-0.00944649949357267 -0.008594076987912693 
-0.02496519326474303 0.0014098640586402095 
0.03094693475475992 0.00739655019734878 
-0.028426859340295357 0.016261775725282035 
-0.001837553521115877 0.003322071552138314 
0.020875270945088075 -0.03635639350917917 
0.003511225285441771 0.029816722502644603 
-0.03361704681088804 0.04566612064832224 
0.03046398611531596 0.008318214910046026 
-0.017899458847014285 0.003359477027289325 
-0.005482801384730491 0.009610240550145914 
0.007161980102408066 -0.016311460661435916 
-0.0021110831863270668 -0.026896606819652228 
0.014213931949070205 0.00023221474074961766 
0.0364322826830995 0.016678355494993965 
-0.008141630360646383 0.015244551951257419 
0.02946195786705834 -0.0020967119347436885 
-0.011084714126244129 0.0076811140061396905 
0.013964064594825515 0.025525789117849872 
0.0035649851095511257 -0.004062503281380456 
0.028991890336840416 0.01341415710694169 
0.004726125054249418 -0.02467441081408034 
0.02072752840811295 -0.007325341976046199 
0.010761649965584309 -0.046171179836748275 
-0.012351684383224447 0.009198834553492253 
0.02127436726293295 -0.011034887780590951 
-0.047587750269521785 -0.01145792404849098 
0.027789556915509418 0.028752290276088357 
0.0014365199128555783 0.01578158956350043 
-0.05023148587296409 0.005786761157685327 
-0.0017032512371491586 -0.03358897613992556 
0.004744325892009795 -0.03523523154135488 
0.0039591187209640335 -0.004513143784313805 
0.008520422333551736 -0.011068132246331002 
-0.011455306751455488 -0.026464774620793427 
0.03936092021566444 0.004758320941203888 
0.013914799130446917 0.0096724766420097 
-0.020749246099022983 0.030273809975729087 
-0.01687502313741996 0.004587257086440044 
0.03562162576489189 0.024342269787563278 
-0.02395659151660712 0.03084159137463769 
-0.0036246663016977223 -0.016152681023144152 
0.025162967891202877 -0.015445794985830303 
0.016079624785215563 0.029036506952540012 
-0.020272475014734188 0.0016046806215714057 
-0.0008846299876499318 0.0003742414253299862 
0.06340510014070268 -0.035432894697161856 
-0.02299766857782016 -0.0205403366420995 
0.003706775043760849 0.037957397943923214 
-0.009351247708579279 0.01249885332250449 
-0.023642518397039704 -0.04708084398903819 
0.025829218857030725 -0.01001677821551796 
-0.0033859908052851174 0.0036240372756635463 
-0.025527769686296206 -0.014258786707507043 
-0.0061291088490309465 -0.018238636431504418 
-0.01745981888861071 0.012148054065259999 
-0.034180584453619454 0.0299846565123862 
-0.012951820212062539 -0.031156058704895417 
-0.001759121967486232 -0.02087520317288 
0.00602058769665237 0.008834489398457277 
-0.04366564857489449 -0.03370057410166242 
0.03799860327738699 0.01172087359511517 
0.0039025398083380987 -0.017704312412260153 
0.029692332315679856 0.005401338362694217 
-0.0393301654296746 -0.021179746536013063 
-0.017923868839733407 -0.027311019632673846 
0.0025485091117854694 0.004720902308046795 
0.0030972254358626935 0.012878066228762535 
-0.022987673161309584 -0.0261215404405415 
0.016075714773257577 0.009163945923941768 
-0.013631883147060176 0.0036979501202623966 
0.004845264372780203 0.00873359408422752 
-0.008343810141197111 0.014354113299603014 
0.010549733853049942 -0.00469327270801041 
-0.011881440869122907 -0.02077130688882714 
-0.04568306759311031 0.010297811081191334 
-0.00808919609905618 -0.015760844616541793 
0.008205046112166615 0.02347929440058731 
0.007834323526828125 0.0063921349865295575 
-0.014917754297241152 0.0019059560172722837 
-0.009299947242657688 -0.017842462386332435 
0.021101383538215626 0.006913783718149992 
-0.002773468284213908 -0.03168168685417241 
0.023375991896072815 -0.04476314464724044 
-0.010034246193835576 0.016029328172935092 
-0.01723317614400718 0.01815405000584533 
0.02611554173905146 0.0028924825303276156 
0.021076615448963408 -0.04753564180851621 
0.023616723140193457 0.03210581970816215 
-0.01086419738319585 -0.04480062112191447 
-0.018939515358161324 -0.010856163467560345 
-0.01875729149912152 0.009189688210085027 
-0.01218529567970145 -0.011245969693027005 
0.015818555952387396 -0.010307535985047205 
0.006077096871564571 -0.010150398590969398 
0.015552439889940012 0.042590278714156 
-0.015235622911681132 0.0005661057150275207 
0.014130511284025113 0.010054956936978977 
0.02731145474906716 0.007109677291557301 
0.013317349991321543 0.004712735562993372 
-0.029744912376195504 -0.026558579048271996 
0.0044360601052385144 -0.03266215744785123 
0.005487284602505647 0.021086263830277983 
-0.0037537567805662584 -0.01790169300791412 
-0.000353674258629826 -0.0322907592715483 
0.01307978555912267 -0.0034980350179628387 
0.00990124399021966 0.01841402982584949 
-0.005802562723528223 -0.024433727119484654 
0.00782310069041447 -0.017520237689430368 
0.021724463917012087 -0.0030674774351701906 
0.0045740692559097925 -0.006070545165939118 
-0.036264869236108915 0.011706632928008073 
0.05269081842542341 -0.035346437198063886 
-0.0031825060291278 -0.0031048656308069605 
-0.006040876786117621 0.026131226033305217 
-0.014188317818284828 0.02308899244354061 
-0.018329031049066143 -0.010199850497086693 
-0.007743205790844908 0.006875534560737532 
-0.010929958517866779 -0.03694342739048075 
-0.014888422115960556 -0.002995928067184664 
0.00018577356690214892 0.03173603092364496 
-0.01699308752316293 -0.0015876972842270038 
-0.010745163038545173 0.01604687073295279 
0.02560136146722352 -0.014381966304458099 
-0.016438300206004893 -0.038173247098118056 
0.027350568072343713 0.005737465065318483 
-0.005363971930640594 0.022231376217796105 
0.016982030238517177 -0.005401688842010444 
0.010540390511929771 0.006607864598987654 
0.02872676178674708 -0.005291970839980676 
-0.0037404241950848936 0.01486332286494907 
0.005105117139922557 0.029516772595911702 
-0.005441352386478107 0.018647024784334082 
-0.009333185860926215 -0.023551439720775523 
-0.02627774203426327 -0.022956814916453672 
-0.029839931310911144 0.045456221886058926 
0.0061733588463057645 0.0021588201355539076 
-0.010954456515749797 -0.0092047004306236 
0.002325321188296225 0.004584677934364496 
0.02300336086201096 0.02440488552850352 
-0.002797343336797478 -0.006691631053500968 
-0.010223034435011429 0.01669804873111131 
0.00037031203041267046 -0.007230065461347676 
-0.013187212812449452 0.003293516136062085 
-0.037359030568657074 0.0036810926605197482 
-0.06026339326609241 -0.037110153099024934 
0.005557511884497222 0.008952863033920224 
-0.010714733919012828 -0.001655299303416926 
-0.020396286336647165 0.007137281583911433 
-0.011713389844095201 -0.021816191357193353 
-0.02571435041934491 0.02097422929599381 
0.02550472257465757 0.021230935156740172 
0.010719493723913976 0.02769596570523694 
0.006158589221011981 -0.006629894208114817 
0.005689343341528745 -0.013738115242126939 
0.010664770475747107 -0.003534556809439963 
0.014058732290748197 -0.013671730826439191 
-0.014925567060148099 0.02589856191342201 
-0.02836793438284687 -0.01641504776652387 
0.008145562184007795 -0.019116998899511323 
0.011988094557751607 0.01361132628244517 
0.024725156498443545 0.012356486110441552 
-0.029079322371916863 -0.014492574846933219 
0.0109952325680365 -0.0013029172020234542 
-0.014265177632925494 0.014051917820409316 
-0.014944087013781707 0.03023961297271987 
0.009373483158541359 0.01779468345494261 
-0.0007376057460365297 -0.0005734115732142854 
-0.012925957469539309 0.004490668287791105 
-0.004405691692527828 0.0006019205081579767 
-0.027505131461269455 -0.005662069273339247 
-0.02027654607258187 -0.010489209970322006 
-0.030250285469120976 -0.019002527263553535 
0.008912157365760105 0.035975833723360426 
0.02053304778316991 -0.036494875704511355 
0.007760596660478734 -0.005160470698148306 
-0.009987520870074833 0.02223825204566831 
-0.0053583642876113705 -0.004676617519160098 
0.016775185539669935 -0.0013024943525102326 
0.004987527395438345 -0.007952449415742085 
-0.011963206139225253 -0.01916503416417488 
-0.01689298272649472 0.00724776978788151 
-0.014177884377765395 -0.018768681056318254 
-0.0005668863661319578 -0.012853641027222107 
0.014039889905195418 -0.02623569908476371 
0.0028155322201871206 0.001828357474492762 
-0.03173789948835638 0.01920195709989908 
-0.028427703940146754 -0.0011644335695381127 
0.0065401456617960535 -0.003734466637909717 
-0.027810578583190596 0.0037776919191484172 
-0.021966676308624707 -0.031852812912334647 
-0.021541958747500707 0.017987157443332714 
-0.016835783826198356 -0.007799450022920625 
-0.011657214218642147 -0.02756754097141928 
0.0056424807799151915 -0.0009601998537961912 
-8.223371277117345e-05 0.022823462176222328 
0.005920396918904482 0.0007161463186885489 
-0.005686726225312667 -0.018472823618018892 
-0.03476037223946462 0.014034140297285344 
-0.013385218379955755 0.03411719324297221 
-0.0063527855083516495 -0.006698309783622368 
-0.01576975763080243 -0.04149863680765808 
0.035711890200862295 0.011125967957373629 
0.02070087731408526 -0.0014854544410316897 
0.00913704443630442 -0.005830704098660235 
-0.024031350019299735 -0.0062417505771146875 
0.011963453644736126 -0.013224517177831832 
-0.013477702444678531 0.04634846699284586 
0.0019848729699279786 -0.006118514256777144 
0.0017429372066974872 0.00475563710390406 
-0.030291778574704546 -0.010266605544705223 
0.019476955408725037 0.039251439193242366 
-0.005700043636906527 0.004049576349253833 
-0.002404771000970381 0.02846071557859373 
-0.01484653115749954 -0.029319000606921233 
0.029075684558921226 0.013990013042765375 
0.006590718184179807 -0.012130492487694043 
-0.006372508098971749 -0.0038677195492936712 
0.02138989017083904 -0.024110849114612184 
0.02354767826853806 -0.022138469961413262 
0.005840739203705273 0.02743828030576004 
-0.016173711547681664 0.019252956717429257 
-0.006061711365137218 0.005778121966187078 
-0.011799931822563937 0.002123983948711934 
-0.015571592818258316 -0.004580031240850047 
0.0030392810915381113 -0.020356958346714978 
-0.033744482028680974 -0.03588968719863058 
-0.03933321765821467 0.04640187358635694 
-0.04560319629719636 0.004435958968759209 
-0.008072312900793115 0.0011955282241257145 
0.010814830392429918 -0.026258058375411814 
-0.0020724716658858697 0.0011422675480253972 
0.01392755777949949 0.0007912362898653668 
-0.030654600974011074 -0.04186099410623489 
0.0011224360776704498 0.006458652915594911 
0.004432572021329788 -0.02091183788800809 
0.013904698765657308 -0.012791648994397196 
-0.00158936878524939 -0.0007457936932378631 
-0.008889739095280198 0.025313473065342682 
0.02140575847294503 0.03128578004601587 
-0.008462825690608678 -0.01567504954238059 
-0.0031245956830326916 -0.00649902447659508 
0.005069821980770548 -0.003927334607923061 
0.014523134217077419 0.010036070385876571 
-0.012969480584877176 -0.0004516812692960794 
-0.026315065839522443 -0.03727386816340818 
-0.022276108928748865 -0.040486536485851043 
0.006499992427854703 -0.0007813985792687507 
-0.012974483009043107 -0.006337464329655523 
0.007001820022615896 -0.00551453941612704 
-0.0106266070454075 -0.03214452368887348 
0.005509861609082553 -0.017931531515223167 
-0.0057705618662356 0.011274308890071133 
-0.026935338047955035 0.0019148035616563968 
-0.007581901034453331 -0.02050597321611021 
-0.006499361447954076 0.03754332572737983 
-0.021101306559691512 0.015187882869801385 
0.01513828349201607 0.013455664316252213 
-0.0023469496723083783 -0.008075987715216506 
-0.009537024304544613 -0.02278556335819061 
-0.023709940697892607 0.03253254467419252 
-0.02165216567465357 0.003224570642559252 
-0.02785886684222517 0.024442340815850006 
0.0002816065334611352 -0.030265386490115485 
0.013320225458011993 0.019052778729943428 
0.009548605960638579 0.02819569484308588 
0.0015150952631949983 0.0018485946097994911 
7.967702022956117e-05 -0.00625819483074112 
-0.008598063763073205 -0.01787450787046129 
-0.03470527380275607 -0.020064283826185556 
0.01083694451407525 -0.016762991930180635 
-0.005915476466427722 -0.01999993708073706 
0.008049387898910238 -0.006254482468409816 
0.004484233931511488 0.0037370334033380533 
0.016418519714076454 -0.02131107329367441 
-0.010829050149027524 -0.03271242744644153 
0.01362680187185204 -0.036952353736336895 
-0.02982236999902742 0.003984612687198472 
0.0022003380863942126 0.0032432117407497425 
0.003601919987519901 0.0035547602045531233 
0.02049183311674411 0.039715412009175215 
0.018487280283880962 -0.03496436133761142 
-0.02717862902112395 0.03561410576230252 
-0.009338706150399135 -0.01554110023618198 
-0.019827556019333684 0.009397283775416567 
0.010107833764918278 0.01528732254658011 
-0.013137569098966568 -0.015425146750410042 
-0.010274205476464418 -0.007536397344361828 
-0.004481657989592115 0.009348841700898225 
0.026611937465898856 -0.018813717759894034 
-0.02835972432751584 -0.011137421723443975 
-0.024162804015182636 -0.0022280208216233525 
-0.030997337291276905 0.004036758941075812 
-0.003913875931273929 0.01420272441343139 
0.003376061854364869 -0.02747453398390738 
0.029039931863464805 0.048262543852170256 
0.011089336039790279 0.0074087418706026064 
-0.06664066954631415 -0.022708138201452743 
0.009991292771177608 -0.003667242181854786 
-0.012538464001869727 -0.008593090545946423 
-0.026350746439796 -0.06081319169636844 
-0.018911240328148587 -0.01686183850128495 
-0.021283584411550732 -0.014127360205916628 
-0.018979802746267035 0.0071497131965951735 
-0.026116443587498657 0.002607703521681875 
-0.0013218412923200111 -0.00961680066166422 
-0.0029219854566262197 -0.04155204115523665 
0.013430485696977686 -0.022752767562288518 
0.004475210020127535 -0.0006542659971425535 
-0.011083240393812354 -0.00950244773277592 
-0.015139142419054473 -2.4171899407138772e-05 
-0.02211357135377501 0.03148659755124856 
-0.029393483648330807 -0.059025008986749616 
0.006906654255189618 -0.03297144756934129 
0.025049013140487245 0.014221120319412207 
0.013681249983823515 -0.009776303050837917 
0.014563784441559991 -0.006404270750037597 
0.0034889517885648186 -0.024802906167439635 
0.0018435168424603306 0.024901598307098483 
0.002444366921353849 -0.03066202706150727 
-0.02841293347992049 0.011366831631712685 
-0.0019247932003224127 -0.009199916778762784 
-0.014788894702981626 0.02091136370467267 
-0.006583478755739556 -0.02983979216094212 
0.006254793974646415 -0.005304171594359969 
-0.023537193626333382 0.004476645289010263 
-0.0066084288759298854 -0.015029989948941773 
0.004538412462931101 0.011675054754984687 
-0.0027301191046985355 0.026054304086440758 
-0.033933403599250296 -0.0008954126447560902 
-0.0054668983276099595 0.0011994323710138595 
0.021999007465212047 0.017462117686189514 
0.012305365817805744 0.018902288083276573 
0.02126637592653569 -0.0021511585265106296 
-0.07045558691951007 0.024872526511363416 
-3.1054324263908596e-05 0.030910586189613242 
0.005743026169540149 0.015961386258944745 
0.0007832963077553265 -0.01771740633525523 
0.020913242172334007 -0.029760679315730964 
0.002715847763250015 -0.04328354075100197 
-0.005737846452921617 -0.0610238678635543 
-0.020668031201926843 0.030632288131747724 
0.0221266130053149 -0.0007986697474775595 
0.01890768319898467 -0.0042289605564533065 
0.02240031610593521 -0.008322758739344066 
-0.019894141832942372 0.011297599532352442 
0.029293762194309653 0.01804344990597349 
0.008008124366103733 0.0042172178944950645 
0.00787561122861453 0.019519138244663618 
-0.03252244002782806 0.015456983965878378 
-0.02850064025339244 -0.0005040533182412018 
0.03278069813963002 0.02591399290843249 
0.02131034664634751 -0.022054506819469667 
-0.03131647421649 0.027446337127246485 
-0.012675944215020035 0.0028170241427850377 
-0.02084106810385182 0.03401289624354545 
0.036831802145525734 -0.017012350295925405 
0.01991761570220596 -0.007322512434125231 
0.014345741736906593 -0.02226357666900599 
-0.04488617502757164 -0.021489545366716812 
0.008241512533187565 -0.004015200868528581 
0.037036033889511946 0.004705559729659878 
0.010075270120026196 -0.012573084591108761 
-0.014455204371579081 -0.016022133458603816 
-0.004490972824563815 -0.027742188122547425 
-0.009744928547835242 -0.00114908931841485 
-0.013016562107616205 0.014399062257294272 
-0.006524204691777979 -0.02683340437538294 
0.011632627050748384 0.0032510849396684416 
-0.007897972594134854 -0.02416491548987178 
0.012510157092815204 -0.03684772727898278 
0.014014809841594247 -0.012079357154152115 
-0.013642600066025638 0.0012591147651996658 
0.0018715630181362272 0.014592723015692092 
-0.025528979773448028 0.0007961104589627974 
-0.01707423367928033 0.017536930999999912 
-0.010627351534667769 0.0027323708439136456 
-0.014155155195088247 -0.02085303650723399 
0.0034630884579145366 0.02649969599006598 
0.01311256716047738 0.009292463972363718 
-0.029192470479408802 -0.018617866806658043 
0.04756382108643166 -0.024696979711352467 
-0.014518636893304224 -0.017786879827238304 
-0.011877679080945858 -0.017203797238957774 
-0.002663641811488596 -0.01565421731421852 
-0.025650324485568397 -0.00012678802080543574 
-0.0070232487159908276 0.00275409990135661 
0.0029843086058181575 -0.01738374807322932 
0.03219058281640998 -0.007452836169897215 
-0.02331651569729126 -0.010086537230390878 
-0.0047399095008966675 -0.05002465855108593 
0.022740061064210046 -0.011697110351666404 
-0.004736858160592889 0.023386590631952742 
-0.0127577744460269 -0.015864716864143195 
-0.03878829652405379 0.0320764086009443 
0.012867888762171022 0.021217802965594848 
0.022691313400742583 -0.005487894228282155 
0.029102153401373586 -0.006328702533558248 
0.0005672477545745652 0.01891734993937889 
0.005691776191862061 0.009442829888763408 
-0.026637237930807054 0.01500625237469166 
0.015098976156723126 0.004104992114652612 
0.0059928536875968955 0.006475363957607372 
-0.04181026457593196 -0.008800109262360748 
0.0258546078014751 -0.0180827493713056 
0.00725750054495813 -0.010612163090384798 
0.02426318916531495 -0.04577851014560682 
-0.0380967435560307 0.02772554153599032 
0.013603583702487251 -0.003112624103403698 
-0.020319298680429563 -0.002239194204425271 
0.010455360965175865 -0.024576545792299825 
-0.023236233731624725 -0.013190311630769759 
0.016227402234041392 0.010833128952253824 
-0.019860649733777786 -0.005555243464192531 
-0.004264992770434304 0.0025910293147967316 
0.04078761214948534 -0.01808199258161979 
-0.01869742724439289 0.02277555386159011 
-0.02173115326650324 -0.01171928492884684 
0.003987943655736597 -0.037157941474687296 
-0.010150595657523213 -0.020201037934183697 
0.006295126951262606 0.013432675245072917 
0.00029395527146879535 -0.02704489998541802 
0.028637569376982943 -0.027604891034905963 
-0.01311204110910183 0.011534260789217533 
0.020245724760125986 0.003761562723911451 
-0.017996794701872182 -0.010293426577530709 
0.00823537406671718 0.006312407314335493 
-0.028752504349677497 0.028298415474818716 
-0.02074093083394853 -0.0020677867609585417 
-0.019670345847775904 0.004759742333417083 
-0.012391619786811454 -0.02615395238897906 
-0.004619514709027346 0.00655533159873322 
-0.022794550739200517 0.024563846895055287 
0.0205141739899003 -0.001858260154640384 
-0.010125803116354202 -0.002849803063116397 
-0.01073965675655144 -0.0092520425356957 
0.0007026750170943163 0.007104081951542544 
-0.009024121638328305 0.027173326798033706 
0.0013208509153867529 0.03595577297510264 
-0.008186027821982729 0.01150207844880232 
0.002917266996414509 0.057306375418260475 
-0.0005288832934918689 -0.017054328473315908 
0.007221110930416253 0.020989166848510793 
-0.006037232183793928 -0.018877638960231456 
0.0033205826344628463 -0.028427095774641923 
0.01890722662409142 -0.010167724758865486 
-0.012327449317429096 0.005297304009858117 
0.013825468610922032 -0.011034351841162365 
0.013180022065541936 -0.008168658845820458 
0.016573946276188516 0.0022271223596668104 
0.009947893606644892 -0.020621298063438064 
-0.004074475272942057 -0.008669995671083135 
0.006988040053769458 0.012252757300032032 
0.008265304305847343 0.020908292935509193 
-0.006219849213131999 -0.0442162895940479 
-0.0009621599705575531 0.022285614638233087 
0.01467659693982201 -0.007240160890291007 
-0.006230512465267692 0.016124747596683343 
0.016710084143635645 -0.0018732364994840083 
0.014505212180407775 0.006512470833625497 
0.004095073965544629 0.027709974485035857 
-0.017897304647581068 0.010944961272220033 
-0.016566080722389416 -0.006087320590024942 
0.004589103265711497 0.0015374761702666346 
0.01897202521346713 0.017005161807268687 
-0.04132746878329889 -0.024966844679327624 
-0.055665757168195266 0.010565385279880516 
-0.0560661571688412 -0.004933351484707598 
-0.03170936172739084 -0.0031825787510871674 
0.008653636153936143 -0.0213650985922466 
-0.007886924933000547 -0.01752289411961041 
-0.0031560720187204907 0.006447543599254485 
-0.0034146610452114546 -0.002955265828679387 
-0.007550152069431259 -0.012959699812353061 
-0.01604158117241644 0.014720913008909708 
-0.012489272247255006 -0.0027455471241300583 
-0.012383545204804192 -0.02368011358886824 
0.03765156435900898 0.010966385024576248 
-0.022592403925695243 0.03302499916546454 
-0.027374277358429167 -0.00575987620631119 
-0.009428646431856452 -0.023292914767230555 
-0.02502713579481594 0.03061412395729196 
0.010613760460255743 0.003077303889967138 
-0.01589626145142461 0.0003995027064849988 
-0.025553854760018074 -0.03851802385169321 
0.0059891503333148076 -0.027756663736399942 
0.019733284313175156 -0.016826546040686428 
-0.0015401173159295329 0.023231174359174114 
-0.025234354024939027 -0.021375016868116214 
0.036788633604188575 -0.022943004134660893 
-0.014294066498972796 0.017169174312723325 
-0.02186584567029305 -0.03209326319510682 
0.026648306244122816 -0.012859096955269489 
-0.0014492933503542315 0.013337420220759151 
-0.005774119901733884 0.009237028804086871 
0.010017863369709097 0.02624449152195737 
-0.007613361929005213 0.012104626692101012 
-0.02780705823219026 -0.002407185284986223 
0.005231059920541074 0.01323637795700138 
-0.03487858637184529 0.040918782345883024 
-0.034054121814803454 -0.012710044978733221 
0.00966399478651248 -0.00410504048937266 
-0.015425877139072017 -0.022073506029611716 
-0.03146227983176576 -0.013902064405478809 
-0.05811937761967395 0.034722549912210326 
0.006048591218210096 -0.004378138593066843 
-0.005027027401631517 0.0228628136811103 
0.013397297324355333 0.03687537791496939 
-0.017675027307633446 0.0029296891481084956 
0.000540122012433365 0.02050782672382621 
-0.0023786082472773747 0.01182893112931405 
0.002198740767101963 -0.0017946639556011797 
-0.020265462254683966 -0.004279208521810941 
-0.025600323002083116 -0.007234868012990756 
0.009917585282134484 0.01330451560990799 
-0.04061693331947528 -0.0015776175835282029 
-0.01236819875210416 -0.004111244792769724 
0.001572010720812239 -0.0022218577059277583 
0.027596216817394 0.01407643701108271 
-0.04074298747643299 0.015311847285370037 
0.00624273501723065 0.005217318821665534 
0.017871695637133724 0.020508957519236447 
0.02020780089633178 -0.042395228978615467 
0.013056803677291515 -0.02239495824893801 
0.017375327943967983 -0.007682222298726276 
0.006818298255494459 0.0028398451532205137 
0.007403296859197104 0.010104118350240453 
-0.009076769762385726 0.011884264252197997 
-0.048933963398628565 -0.04020715052360723 
0.012372799411563292 0.0011260507021059853 
-0.0067670078865531514 0.023195191473550807 
-0.008816758040138206 -0.010405126299382287 
-0.0063952953215708555 -0.016511521901770996 
-0.030607679028839267 -0.020295375312334125 
0.022110190803368814 0.003928485603810451 
-0.016028152408679983 0.013248094295131867 
-0.018327508468886575 0.0012190923359270242 
0.05049772197258267 -0.032501909202166515 
-0.009658229492925455 -0.03672759108933482 
0.017597594837358125 -0.030032373946911096 
-0.010611251907235162 -0.004986406413387078 
-0.007071685315588789 -0.009185617569905491 
0.02840465207328881 -0.0014677157839467561 
-0.014081586334985878 0.041388593884174894 
0.018501027004324374 -0.022908723228820656 
0.00047641316929427664 -0.03918999848340111 
-0.005944566486237307 -0.03091825763758854 
0.03609427617569139 -0.025051362648236087 
0.021223429350981624 -0.022596552937437633 
0.027902542226929887 0.023522739023831337 
-0.03571206088650655 -0.04342729548716244 
0.010049533277326689 0.03351404937062503 
0.001462537891790863 -0.003993476169991552 
-0.01096253499709708 0.0011898454125293298 
0.004493672755950419 -0.005184448826197566 
0.020356624666028084 0.008359927567991834 
0.024261600384932684 0.04207941227875781 
-0.000765969774144445 -0.03406116026030219 
-0.009398952158122089 0.0065266965900707295 
-0.012968526434990576 0.029541874788812986 
0.0008030114423608125 0.0018357553629230927 
-0.04065362024126629 -0.010939045751647097 
0.0021899301663130073 0.028234894682407766 
-0.02547889623400399 -0.0114565719056615 
-0.006128537800858375 0.004001514996552333 
0.018792616627786574 0.006898541845466534 
-0.0019722362897294766 -0.023284368541078248 
-0.02272181825407707 0.030349783344090945 
0.028917679387176373 -0.015970313346387734 
-0.03603049855299155 -0.017358360659352402 
-0.013411618231021749 -0.01475446659880684 
0.02541753355376961 -0.020490553366578873 
-0.0015663299057202627 0.001983286027917662 
0.0033443156930110856 -0.015940763264135776 
-0.0024083182449435156 -0.015056371530836086 
-0.013618701886631394 -0.014649177264580178 
0.0005644893827286427 0.0011840601232641797 
-0.0071798718111419505 -0.009100412916258913 
-0.022118689898262586 0.02764928281302583 
0.030789939477643736 -0.041079220373411475 
0.009130408164039205 0.011055250363497826 
0.02589328728957744 -0.004611269476367973 
-0.04891448279532316 0.003826753551282216 
0.015085051649454024 -0.04024005438147084 
-0.007298441708784477 0.014874426217777941 
-0.029952209158776832 -0.006690412741298517 
-0.021830908342259668 0.027274685275863568 
0.005133757407834806 -0.002182172230286684 
-0.042283808654238655 0.038136309376054736 
-0.021292027131135045 -0.004589688374115021 
0.027778686182040612 0.036007220404538104 
0.006188199631134999 0.027258485962861026 
-0.007785252049076549 0.008317551460746213 
0.010513037773222886 0.03472606911150511 
0.016233137681471842 -0.022442684172284316 
-0.025249061193868307 0.03200240243234817 
-0.0024566466065036345 -0.004544800236613017 
-0.01833475379962778 -0.03079395487099844 
-0.004019387406243005 -0.0011706548413656804 
0.01150071177584736 0.01173075531503502 
-0.02032146984942162 -0.029965891789840958 
0.03627565453695917 -0.017456990219926145 
-0.02766917669981756 0.004763624382445873 
-0.007157352474093846 -0.0009841467618448394 
-0.054672593645257755 -0.024764168308786375 
-0.022932510003807395 -0.012621514332847026 
0.004071498600799338 0.002248115838088695 
-0.00025122907526073536 0.012959789257397148 
-0.008359828829315063 -0.00380910177460485 
-0.0015446183843908037 -0.032166010590567555 
0.006899327435540382 -0.009072447969427234 
0.018623707996360275 -0.014842465909396172 
0.0009399415785209901 -0.00863163666640099 
0.016227297701619174 -0.011024049877782638 
0.0004212776256580583 -0.014951490064797896 
-0.013237074310138822 0.01674645324591864 
-0.012278632880814868 0.018388906519694204 
0.005125637923263182 -0.02119059001032703 
-0.007962609941093868 -0.04165127094762839 
-0.010661747409333518 -0.029753642145844812 
0.015886599991547547 0.010319058075134663 
0.012348828935882659 0.0007497797756111969 
-0.011342384017131434 0.011138477938897837 
0.0005646528991866155 -0.017002305512921118 
-0.028627552690597864 0.017584890475105485 
0.019828233693750433 0.01486006888391024 
-0.016135790490355708 -0.012282829699322585 
-0.010450431365168572 -0.017871457837126677 
0.01872061332608367 -0.02080190076944744 
0.013309107555063262 0.01310262243721926 
-0.010958522350751992 -0.032880486759778955 
-0.007854907095414778 0.019308682819482035 
0.019645740618220067 0.004621983181241685 
0.026765203415506346 0.019879959485148254 
-0.06311326573807922 0.028530321414065016 
0.01620936389340343 0.007977306207481265 
0.03195090413386482 7.513256286855316e-05 
0.017161137009617734 -0.015783479738595164 
0.009657558623801209 0.00222724523562599 
-0.019801133270415182 0.006037729444768824 
0.04075760154934815 0.010586773918373926 
-0.0046523077148828244 -0.004205350113775353 
-0.006616377221994404 0.04412086018110346 
0.005362823170481844 -0.005999518127606912 
0.007369429109959805 -0.000765302424281608 
0.026995517112795353 -0.013793214396520845 
0.0028184142485439155 0.007238615888855404 
0.009061428823526105 0.01906836855372318 
-0.003786643111742574 -0.010710817786025808 
-0.009000704479369568 0.02032922542479847 
0.011795097785920059 0.0005018303704223002 
0.01213371054766356 0.005523837429844368 
-0.000839495050241863 0.011952639207491232 
-0.017320529904703293 0.028437444685335253 
0.03191277610070593 0.028243344941140697 
-0.003911830931074293 0.009886279812136849 
-0.008006138894229667 0.008122202975342113 
0.0015745686435287363 0.024664272838522783 
0.02191269996671829 -0.02416151223561662 
0.008067442574088231 -0.0043509333804710405 
-0.005598884432427684 -0.006895736812422919 
-0.009170011129209772 0.009733047243678966 
0.000943018910066671 -0.0015353292808571587 
-0.004251968691260413 0.023215771971894318 
0.006714187276712293 -0.00902148650609164 
-0.00844816600788788 0.020793543840572287 
-0.009214761313628098 0.007647554415180981 
-0.02536533666520591 0.01918083946354436 
0.01439929402468362 -0.04224278895158652 
0.022224672542334456 -0.030995549794199134 
-0.021054512060609074 0.016733569975449527 
0.009971716220540501 -0.011240389246375458 
-0.028788156592792637 0.015403707817034446 
0.006278587410671828 -0.008038437996282649 
0.019365680799220263 0.03899062612797104 
-0.014708305044952609 -0.009007019387091027 
0.03926321762697215 0.01842375206377683 
0.041749008891632716 -0.01745311156360997 
-0.015468138914139971 0.024051217729342447 
0.0004485160137490396 0.0018959492492431793 
0.0031263411371009993 0.002302099990504538 
0.027074052206031703 0.003862938551315421 
0.001612283887019978 -0.045816348026780744 
-0.03493346759804787 0.015598531130167131 
-0.02175277427936596 -0.03496561944619028 
-0.009426697171085739 0.019214090430346793 
-0.003720876266177177 -0.00923893762071592 
-0.004895369697357625 -0.03021977825766732 
-0.015732427416307964 -0.039145894084630393 
3.9629578008374334e-05 -0.004775109108797278 
0.014909479674667195 0.015607306913955385 
0.01935751714771578 0.02286727177601144 
0.013754052948020732 -0.004412536802019047 
-0.017919873639118847 -0.03569772274141049 
0.007256111873645146 0.042863688451161445 
0.0029622356093828165 -0.0022686127979738313 
0.009433994371286124 -0.01507588903576194 
-0.006266869769802359 0.03474555401639172 
-0.0009059984439579376 0.00419264375378418 
0.013206629147432461 0.01995324213347256 
0.02286284146680343 0.03129369886029341 
-0.0029516204361743313 -0.005122164612466772 
0.0017457160458732275 -0.058705049746853304 
0.0004009255721510876 -0.01011609479694383 
0.00315967868108794 -0.010354623218389578 
-0.01264430092021315 0.004080753772005244 
0.014871009515674678 -0.011909272129570455 
0.021996234666053837 0.0012613458837216042 
0.026918682783207932 -0.016180373517726408 
0.011711821359224111 0.0006508865328598689 
-0.008859056829887678 0.03690064640824498 
-0.020150962841592655 0.016961004109094867 
0.018508922906823513 0.002313728541194333 
-0.014649395446890395 0.04881978590817841 
0.027504776010455485 -0.010665672011254044 
0.03138650639336323 -0.03594223889668335 
0.011324878240904083 0.0005377878986039089 
0.01223318293250376 0.043516722057617536 
-0.0036632206387509636 0.012916792599481433 
0.009888776307355253 0.003358812600277053 
-0.0274992700350897 -0.007075871285407064 
-0.007607690425357295 0.038005091916198754 
0.003215693749698494 -0.004017398012856111 
0.01754451471525768 0.02101417634135215 
-0.014394460047869713 -0.0017879496910446439 
-0.024124693545810916 -0.020486086240722547 
-0.03235844352610394 -0.007224769277928453 
-0.022779778445512013 -0.0025582320032259465 
-0.008803286659136562 0.054113257293831284 
0.005231066815243894 0.0053013015880798925 
0.00978811978791014 -0.03623109789931631 
0.005587908657541133 -0.014970722441928219 
0.006017250319889188 -0.0047817685544295175 
-0.03471581969488916 0.001981210244533763 
-0.008472596096635395 0.01161291249240237 
0.0035429730959811463 0.010148392427608415 
-0.014285900544198505 0.02344311280747825 
-0.00828638716561485 -0.012632725596266074 
0.01770260069276475 -0.03958611021472919 
-0.0003702085747543408 0.010574695839111732 
0.02801952603275744 0.019562200365266773 
0.021859764028638998 -0.013460913779934396 
-0.0038839093973626775 -0.02851729347561235 
0.04782738020526025 0.009103564667982244 
-0.005964321981610569 -0.0029944813895773138 
0.0002490773728066993 -0.020577477437655294 
0.03543993244676574 -0.013673122545951164 
0.020969202493341152 0.01993647192654329 
0.009543312516940032 0.019771494661988243 
-0.012875644445751608 -0.006883372146956331 
0.020873926353142214 -0.0044102364128348155 
0.0159679564639029 0.026454962345761782 
0.003626920305265664 -0.007907333023495843 
0.011895002192754588 -0.004680663719523164 
-0.04809184630926043 0.0005904977530477245 
0.020907208161616373 0.0016141559127703408 
0.04515458767108768 -0.02517468667484445 
-0.007796252484007664 0.01475771138016387 
-0.010505128830476466 0.02924840235309511 
0.037340147477341525 -0.03839213535479349 
-0.013343185054568402 0.0013465547282173872 
-0.04088174855998561 -0.009389552822175636 
0.009405679533996902 -0.02592352459702418 
-0.024333720351877225 -0.023012664204983855 
0.0094428300084373 -0.02156759138307285 
0.013365651886721881 0.0071506567033335616 
-0.01814011964473691 0.021423124528788546 
-0.014503987284292943 -0.015938237939404253 
0.02228510501437842 -0.010292762490915078 
-0.004136266402603441 -0.007094103832178743 
-0.024010497781017024 -0.008083627854523722 
-0.01721501219009054 -0.008574211658198775 
0.026670542935357585 0.011332177532235251 
-0.013095454171403408 0.02102060349796918 
-0.0103188738743487 -0.012060992862772374 
-0.013592001996855792 -0.004435530947270648 
0.017202437747114996 0.008739121584561365 
0.006046694288541287 -0.018790275345710206 
0.0026620778931090478 0.0016338766394554812 
0.0008518405925572068 -0.02256086023191636 
-0.021312106485045258 0.002263294219781343 
0.03864987065078077 -0.01761314724279988 
0.019716637175883744 -0.0002671320932488021 
0.042905654136518596 -0.024098815137616584 
0.0005714592751699446 0.04168415345987669 
-0.028630298835679 -0.037866169852343305 
-0.021232949448753573 0.019100339229751285 
-0.0162974908778927 0.008147521458931876 
-0.008468054788154851 -0.031924462228519114 
-0.00016735571938933402 0.003005516896563813 
-0.014609314666486014 0.04590850916546443 
0.011079129002335661 -0.01163626082887307 
-0.04438487717470529 0.005086663728351065 
0.020122537903580397 -0.024862456223334353 
-0.012139509473311359 -0.0028545461150344485 
0.0231326098773314 -0.02307325361521071 
-0.005664591849330506 0.021933442188824787 
-0.01598063700059058 -0.011951165100329852 
0.0027554014102274256 -0.0010495151876948796 
-0.03523102708306296 -0.00875779693524915 
0.02884803850181628 0.01934786018325937 
-0.01607430026908926 0.004374333796519809 
0.016671578731317988 -0.007293882269949088 
-0.01052171401558423 -0.014802851116968673 
0.0292082281883574 0.0021655854395504466 
-0.017580207818307592 -0.028551602975489303 
0.015680278945131416 -0.007110355803563926 
-0.030908090543288403 0.012130922894381831 
0.05006287533600089 -0.01887966824918777 
0.013609666596111772 0.028030369750018654 
0.025534569864050765 0.0003932190996975989 
0.024830097356705084 0.02810494099995957 
0.011069302245781615 0.0009989082245199172 
0.000961136539277799 -0.014799008199863383 
-0.010499056468863312 0.009118608328534835 
0.0020461921812945203 -0.026450419711128347 
0.015284112922522138 0.003071524297645407 
0.011318440510066021 -0.01375458468655691 
0.0075811252356882556 0.025260794550395264 
0.0006310815450680049 -0.02088702647718922 
0.026942824380687867 0.008784225162600844 
0.002931902473893254 -0.00359928124132443 
-0.0037154559986649236 -0.010227766606710703 
-0.0081574754971343 -0.01998173800147742 
0.006434402218005491 0.003415957153641625 
-0.005974000415436249 -0.026123265183065056 
0.041096067305234955 0.0006260600403929585 
-0.025037932095056673 -0.011944273832150017 
-0.012870614790309189 0.022962067488305895 
0.004223775829794883 -0.014091449784929006 
0.013714467156186695 0.033064826047334794 
-0.022803805865125697 -0.031724784152452765 
-0.00044675271265645546 0.0002034629192598508 
0.00018663931827314991 -0.00501960365799949 
0.019170699036465993 0.019593097767226317 
0.003700752184764408 -0.022300999880074227 
0.0017006554263861873 0.01703575271524376 
-0.013219450808799929 0.000391250411563703 
-0.0028767201629743056 0.012299985242233505 
0.025513026704346724 0.004085770422009005 
0.011093059486334298 0.007681272897298001 
0.021770927996616108 -0.002576511044062249 
-0.013869366254744313 0.012464013337335503 
-0.016795883498242403 0.016702313005446737 
0.013633885091960387 -0.014524168187586948 
0.030832473053244595 -0.015709373901597747 
0.01779201417122551 -0.002316990786340676 
0.0048594920849466 0.018935431302769416 
0.0006409977336682051 0.010283089261187671 
-0.011526128529729045 -0.01108043161212967 
-0.018529458291068168 0.036800379795446994 
0.0010063353999787475 -0.0012498983418921046 
-0.021085893069092376 -0.019670595209691773 
0.015558937306440552 -0.010203868205205774 
0.01658111120978975 -0.02670203573347948 
0.02592718677837356 -0.013205010909588937 
0.017997570581167577 -0.019743687763057596 
-0.006454058740094061 -0.0009346392747170391 
0.031160097254275376 0.00363699880108725 
-0.004711518847942064 -0.045473182665022545 
-0.008370082600870677 -0.031099633481778497 
0.007272683239992797 0.0010296689471812714 
-0.022696743243609385 -0.008567373680540613 
-0.007542531671893676 0.015460034730636781 
-0.007416347840785731 -0.018899222158006553 
-0.0004290677345397321 -0.013852424126744376 
0.0019849908562106495 0.008022209703469185 
-0.02582657008546288 0.007935596250961331 
-0.017070811967546992 0.004230991514249965 
-0.004357697570550799 -0.0313962512913077 
-0.0166886970930209 0.028199351651148216 
-0.013840829680606497 0.005047748750677732 
-0.01661724353722218 -0.052357292460514786 
-0.013941485199883887 -0.004376494945442364 
-0.004528784038442545 0.03439018998343992 
-0.0471918746507126 0.0026611404997633993 
-0.010967394825744806 0.024049314473372115 
-0.01367973739650961 -0.003350177049205731 
-0.032198154634590206 -0.01846218863821222 
-0.021506707931527348 -0.0035489302661765513 
0.00989462037735573 -0.007793323126126358 
-0.012134248037689453 0.011254370060058931 
-0.023115346890931924 0.02115930128974634 
-0.032668963693323026 -0.018863374811972772 
0.028725623061776093 0.013179473129471432 
0.00027888023627048615 -0.03407771340369034 
0.015384795860067333 0.007618003943173016 
-0.04181686738593237 -0.045383146803084494 
-0.0002863451866730603 0.00695443989579974 
0.01491346602392589 0.01752313259578005 
-0.032943203513113584 -0.017908772199702994 
-0.00867973749270966 -0.025040756050485405 
-0.008813045969537936 0.038048823387451636 
0.005287234916747351 -0.019232219474412778 
-0.04855593963670367 0.03246128654054245 
-0.006596572115956309 -0.019062260229827526 
0.008461640322655053 0.015630601117697356 
0.022241970212186983 0.010361606045427437 
-0.027445123020596648 0.02349121737629185 
0.004026315305741885 -0.011108237312216617 
0.010366730014052463 0.008152239185002144 
0.0009601950692340307 0.0007715795729381101 
0.03833513382983353 0.020517353863968017 
-0.025739087346742972 0.030495989174353595 
-0.0268251016523152 -0.042401388959929134 
-0.01624588069429869 0.0019324294577687503 
0.03833270103043694 -0.015521057628793068 
-0.006163838911714229 -0.030580493557457043 
0.03605737847493431 0.021436414857112097 
-0.018574221965900875 -0.017814867622724 
-0.007975997367876906 -0.02466823771336577 
0.004551848213941788 0.018068014629140962 
0.0032193532461373287 -0.038828004218145154 
-0.01641174120538932 -0.011825677304447552 
-0.014761022864345502 0.008346921682950465 
0.01485394868958496 0.022877484651196475 
0.003584857950179106 -0.007478408524144452 
-0.005203906049587658 -0.014255220495893225 
0.016119323165723964 -0.01863765641968449 
-0.0034632448946057886 -0.017330818309009465 
-0.002158691845520942 0.024077127106767827 
-0.01409574005925481 0.00693815107150302 
-0.02195507600478255 0.014717490154230422 
0.003318189759164427 -0.021078967375461024 
-0.009167466337030177 0.03840366225867862 
0.024301666186751794 0.018129901862746146 
0.0051016462638238565 -0.022276086321458034 
0.00440879219429188 0.025812926102325728 
0.03414123079505462 -0.038378495592952304 
-0.03095604312896447 -0.025488813211611804 
0.018814232479243062 -0.031516590941661045 
-0.0575406818331586 -0.003944448616249041 
0.016767043645152982 0.008899461961985758 
0.0015094305792833006 0.002230305997674005 
0.008433137539233514 -0.024361185175407002 
-0.041496439765496544 0.016276319689891867 
-0.011682661743443533 0.016801292163666128 
-0.002284094985338482 -0.031454470002812186 
0.010033454242262697 0.011050435012591342 
-0.025312565151150646 -0.005850815354377246 
0.005850713807517117 0.0043292026390145295 
-0.037479128911819946 0.016637714837960754 
0.03657059276992981 0.006749340330896922 
0.029536589960665022 -0.004885940858389711 
0.0009435168541531433 0.041471527286895585 
0.025106755404455817 0.018830714651832937 
-0.0192859678512419 -0.02254888465549732 
-0.015186380925317402 -0.004863317820814401 
0.034457233675688925 0.020250277915559403 
0.01349937862484268 -0.0005506270294533054 
0.00013600574773772604 -0.013133667113742057 
-0.005533666088603359 -0.04966718232391802 
-0.012146470760045294 -0.02275200131228217 
0.029083979949976836 -0.010730094041749972 
-0.03781880566669832 -0.012918466485107022 
-0.03018179812957951 0.010668266115348206 
-0.00028507043726569675 0.030517147054038993 
-0.014640623495896078 -0.020070915455739396 
0.01982249673087083 -0.013047508866376444 
-0.04277092601290078 0.011334149596882679 
-0.019008436102082926 -0.05365477938280262 
0.012537790322469032 0.002381902485380988 
0.03112356404872046 -0.013529791978347925 
0.0031984824126297298 0.010004406381611812 
-0.02159453901424541 -0.0187526798353133 
-0.003966411849143097 0.006486857731350207 
-0.03229382387125076 0.05371653714351751 
0.014111404398261918 -0.03159298300521757 
0.0015674006478969436 -0.01638950402115881 
0.02370318090099719 -0.010875066679620512 
-0.035871301436966735 0.019032307242429967 
0.013734126107695336 0.008581939553234285 
0.023299292814992132 0.008589977480607209 
-0.010729793512386274 -0.02896941239930189 
0.026439835132679782 0.02502359735227618 
-0.033104247493791414 0.030927773517503615 
0.01558981398160714 0.024023131322954673 
0.006398183721404126 0.03883553366034432 
-0.006633636560938016 0.012469972086106845 
-0.0022015893633742997 -0.00221870177613986 
0.019457475887295725 0.0003347297046962943 
-0.028299955425021846 0.028287454430739455 
-0.0037745105728611474 0.004314919694653566 
-0.010985966744031204 -0.016702632822497173 
-0.008141789541361548 -0.01029010570786579 
0.0008012739676790577 -0.009338520934245339 
-0.0002529591722929529 -0.03322430590180123 
0.018366581110169155 -0.034132675856834875 
-0.009409478701676063 0.012388681603566676 
0.02407677012624913 -0.005707716305325365 
-0.046362659897615434 -0.019130517649114245 
-0.020240401843381894 -0.006205933089963435 
0.0005953161577937879 -0.02887483806997794 
-0.00954502739519682 -0.031388402247107657 
-0.008580141494868273 -0.018331889861125023 
0.00021724302059113716 -0.02903583875287921 
0.009938676516540368 0.022636206420626106 
-0.004461739166519748 0.022275124370243846 
