10
0
924
h 1 1 0
	1 
p 2 1 0
	1 
h 1 1 0
	2 
p 3 1 0
	2 
cx 4 2 0
	1 2 
p 5 1 0
	2 
cx 4 2 0
	1 2 
ry 6 1 0
	1 
h 1 1 0
	3 
p 7 1 0
	3 
cx 4 2 0
	2 3 
p 8 1 0
	3 
cx 4 2 0
	2 3 
ry 9 1 0
	2 
cx 4 2 0
	1 2 
h 1 1 0
	1 
p 10 1 0
	1 
h 1 1 0
	4 
p 11 1 0
	4 
cx 4 2 0
	3 4 
p 14 1 0
	4 
cx 4 2 0
	3 4 
ry 13 1 0
	3 
cx 4 2 0
	2 3 
h 1 1 0
	2 
p 15 1 0
	2 
cx 4 2 0
	1 2 
p 16 1 0
	2 
cx 4 2 0
	1 2 
ry 17 1 0
	1 
h 1 1 0
	5 
p 65 1 0
	5 
cx 4 2 0
	4 5 
p 19 1 0
	5 
cx 4 2 0
	4 5 
ry 67 1 0
	4 
cx 4 2 0
	3 4 
h 1 1 0
	3 
p 68 1 0
	3 
cx 4 2 0
	2 3 
p 22 1 0
	3 
cx 4 2 0
	2 3 
ry 69 1 0
	2 
cx 4 2 0
	1 2 
h 1 1 0
	1 
p 26 1 0
	1 
h 1 1 0
	6 
p 70 1 0
	6 
cx 4 2 0
	5 6 
p 27 1 0
	6 
cx 4 2 0
	5 6 
ry 77 1 0
	5 
cx 4 2 0
	4 5 
h 1 1 0
	4 
p 72 1 0
	4 
cx 4 2 0
	3 4 
p 78 1 0
	4 
cx 4 2 0
	3 4 
ry 73 1 0
	3 
cx 4 2 0
	2 3 
h 1 1 0
	2 
p 32 1 0
	2 
cx 4 2 0
	1 2 
p 74 1 0
	2 
cx 4 2 0
	1 2 
ry 75 1 0
	1 
h 1 1 0
	7 
p 35 1 0
	7 
cx 4 2 0
	6 7 
p 38 1 0
	7 
cx 4 2 0
	6 7 
ry 37 1 0
	6 
cx 4 2 0
	5 6 
h 1 1 0
	5 
p 39 1 0
	5 
cx 4 2 0
	4 5 
p 40 1 0
	5 
cx 4 2 0
	4 5 
ry 41 1 0
	4 
cx 4 2 0
	3 4 
h 1 1 0
	3 
p 190 1 0
	3 
cx 4 2 0
	2 3 
p 43 1 0
	3 
cx 4 2 0
	2 3 
ry 192 1 0
	2 
cx 4 2 0
	1 2 
h 1 1 0
	1 
p 84 1 0
	1 
h 1 1 0
	8 
p 46 1 0
	8 
cx 4 2 0
	7 8 
p 47 1 0
	8 
cx 4 2 0
	7 8 
ry 48 1 0
	7 
cx 4 2 0
	6 7 
h 1 1 0
	6 
p 194 1 0
	6 
cx 4 2 0
	5 6 
p 51 1 0
	6 
cx 4 2 0
	5 6 
ry 196 1 0
	5 
cx 4 2 0
	4 5 
h 1 1 0
	4 
p 197 1 0
	4 
cx 4 2 0
	3 4 
p 82 1 0
	4 
cx 4 2 0
	3 4 
ry 198 1 0
	3 
cx 4 2 0
	2 3 
h 1 1 0
	2 
p 56 1 0
	2 
cx 4 2 0
	1 2 
p 199 1 0
	2 
cx 4 2 0
	1 2 
ry 200 1 0
	1 
h 1 1 0
	9 
p 59 1 0
	9 
cx 4 2 0
	8 9 
p 201 1 0
	9 
cx 4 2 0
	8 9 
ry 61 1 0
	8 
cx 4 2 0
	7 8 
h 1 1 0
	7 
p 87 1 0
	7 
cx 4 2 0
	6 7 
p 100 1 0
	7 
cx 4 2 0
	6 7 
ry 101 1 0
	6 
cx 4 2 0
	5 6 
h 1 1 0
	5 
p 90 1 0
	5 
cx 4 2 0
	4 5 
p 102 1 0
	5 
cx 4 2 0
	4 5 
ry 92 1 0
	4 
cx 4 2 0
	3 4 
h 1 1 0
	3 
p 93 1 0
	3 
cx 4 2 0
	2 3 
p 94 1 0
	3 
cx 4 2 0
	2 3 
ry 95 1 0
	2 
cx 4 2 0
	1 2 
h 1 1 0
	1 
p 96 1 0
	1 
h 1 1 0
	10 
p 97 1 0
	10 
cx 4 2 0
	9 10 
p 104 1 0
	10 
cx 4 2 0
	9 10 
ry 99 1 0
	9 
cx 4 2 0
	8 9 
h 1 1 0
	8 
p 105 1 0
	8 
cx 4 2 0
	7 8 
p 106 1 0
	8 
cx 4 2 0
	7 8 
ry 107 1 0
	7 
cx 4 2 0
	6 7 
h 1 1 0
	6 
p 108 1 0
	6 
cx 4 2 0
	5 6 
p 109 1 0
	6 
cx 4 2 0
	5 6 
ry 110 1 0
	5 
cx 4 2 0
	4 5 
h 1 1 0
	4 
p 111 1 0
	4 
cx 4 2 0
	3 4 
p 112 1 0
	4 
cx 4 2 0
	3 4 
ry 113 1 0
	3 
cx 4 2 0
	2 3 
h 1 1 0
	2 
p 214 1 0
	2 
cx 4 2 0
	1 2 
p 115 1 0
	2 
cx 4 2 0
	1 2 
ry 405 1 0
	1 
ry 117 1 0
	10 
cx 4 2 0
	9 10 
h 1 1 0
	9 
p 118 1 0
	9 
cx 4 2 0
	8 9 
p 119 1 0
	9 
cx 4 2 0
	8 9 
ry 120 1 0
	8 
cx 4 2 0
	7 8 
h 1 1 0
	7 
p 407 1 0
	7 
cx 4 2 0
	6 7 
p 127 1 0
	7 
cx 4 2 0
	6 7 
ry 409 1 0
	6 
cx 4 2 0
	5 6 
h 1 1 0
	5 
p 223 1 0
	5 
cx 4 2 0
	4 5 
p 130 1 0
	5 
cx 4 2 0
	4 5 
ry 412 1 0
	4 
cx 4 2 0
	3 4 
h 1 1 0
	3 
p 144 1 0
	3 
cx 4 2 0
	2 3 
p 133 1 0
	3 
cx 4 2 0
	2 3 
ry 413 1 0
	2 
cx 4 2 0
	1 2 
h 1 1 0
	1 
p 146 1 0
	1 
h 1 1 0
	10 
p 414 1 0
	10 
cx 4 2 0
	9 10 
p 137 1 0
	10 
cx 4 2 0
	9 10 
ry 416 1 0
	9 
cx 4 2 0
	8 9 
h 1 1 0
	8 
p 411 1 0
	8 
cx 4 2 0
	7 8 
p 140 1 0
	8 
cx 4 2 0
	7 8 
ry 417 1 0
	7 
cx 4 2 0
	6 7 
h 1 1 0
	6 
p 148 1 0
	6 
cx 4 2 0
	5 6 
p 217 1 0
	6 
cx 4 2 0
	5 6 
ry 418 1 0
	5 
cx 4 2 0
	4 5 
h 1 1 0
	4 
p 150 1 0
	4 
cx 4 2 0
	3 4 
p 219 1 0
	4 
cx 4 2 0
	3 4 
ry 415 1 0
	3 
cx 4 2 0
	2 3 
h 1 1 0
	2 
p 153 1 0
	2 
cx 4 2 0
	1 2 
p 166 1 0
	2 
cx 4 2 0
	1 2 
ry 167 1 0
	1 
ry 419 1 0
	10 
cx 4 2 0
	9 10 
h 1 1 0
	9 
p 168 1 0
	9 
cx 4 2 0
	8 9 
p 221 1 0
	9 
cx 4 2 0
	8 9 
ry 420 1 0
	8 
cx 4 2 0
	7 8 
h 1 1 0
	7 
p 160 1 0
	7 
cx 4 2 0
	6 7 
p 225 1 0
	7 
cx 4 2 0
	6 7 
ry 169 1 0
	6 
cx 4 2 0
	5 6 
h 1 1 0
	5 
p 163 1 0
	5 
cx 4 2 0
	4 5 
p 170 1 0
	5 
cx 4 2 0
	4 5 
ry 165 1 0
	4 
cx 4 2 0
	3 4 
h 1 1 0
	3 
p 171 1 0
	3 
cx 4 2 0
	2 3 
p 172 1 0
	3 
cx 4 2 0
	2 3 
ry 173 1 0
	2 
cx 4 2 0
	1 2 
h 1 1 0
	1 
p 174 1 0
	1 
h 1 1 0
	10 
p 175 1 0
	10 
cx 4 2 0
	9 10 
p 231 1 0
	10 
cx 4 2 0
	9 10 
ry 423 1 0
	9 
cx 4 2 0
	8 9 
h 1 1 0
	8 
p 178 1 0
	8 
cx 4 2 0
	7 8 
p 233 1 0
	8 
cx 4 2 0
	7 8 
ry 180 1 0
	7 
cx 4 2 0
	6 7 
h 1 1 0
	6 
p 181 1 0
	6 
cx 4 2 0
	5 6 
p 182 1 0
	6 
cx 4 2 0
	5 6 
ry 183 1 0
	5 
cx 4 2 0
	4 5 
h 1 1 0
	4 
p 184 1 0
	4 
cx 4 2 0
	3 4 
p 185 1 0
	4 
cx 4 2 0
	3 4 
ry 186 1 0
	3 
cx 4 2 0
	2 3 
h 1 1 0
	2 
p 240 1 0
	2 
cx 4 2 0
	1 2 
p 267 1 0
	2 
cx 4 2 0
	1 2 
ry 242 1 0
	1 
ry 424 1 0
	10 
cx 4 2 0
	9 10 
h 1 1 0
	9 
p 268 1 0
	9 
cx 4 2 0
	8 9 
p 425 1 0
	9 
cx 4 2 0
	8 9 
ry 426 1 0
	8 
cx 4 2 0
	7 8 
h 1 1 0
	7 
p 248 1 0
	7 
cx 4 2 0
	6 7 
p 427 1 0
	7 
cx 4 2 0
	6 7 
ry 269 1 0
	6 
cx 4 2 0
	5 6 
h 1 1 0
	5 
p 251 1 0
	5 
cx 4 2 0
	4 5 
p 270 1 0
	5 
cx 4 2 0
	4 5 
ry 271 1 0
	4 
cx 4 2 0
	3 4 
h 1 1 0
	3 
p 254 1 0
	3 
cx 4 2 0
	2 3 
p 272 1 0
	3 
cx 4 2 0
	2 3 
ry 273 1 0
	2 
cx 4 2 0
	1 2 
h 1 1 0
	1 
p 257 1 0
	1 
h 1 1 0
	10 
p 274 1 0
	10 
cx 4 2 0
	9 10 
p 438 1 0
	10 
cx 4 2 0
	9 10 
ry 439 1 0
	9 
cx 4 2 0
	8 9 
h 1 1 0
	8 
p 261 1 0
	8 
cx 4 2 0
	7 8 
p 299 1 0
	8 
cx 4 2 0
	7 8 
ry 300 1 0
	7 
cx 4 2 0
	6 7 
h 1 1 0
	6 
p 264 1 0
	6 
cx 4 2 0
	5 6 
p 301 1 0
	6 
cx 4 2 0
	5 6 
ry 266 1 0
	5 
cx 4 2 0
	4 5 
h 1 1 0
	4 
p 276 1 0
	4 
cx 4 2 0
	3 4 
p 302 1 0
	4 
cx 4 2 0
	3 4 
ry 278 1 0
	3 
cx 4 2 0
	2 3 
h 1 1 0
	2 
p 279 1 0
	2 
cx 4 2 0
	1 2 
p 280 1 0
	2 
cx 4 2 0
	1 2 
ry 281 1 0
	1 
ry 303 1 0
	10 
cx 4 2 0
	9 10 
h 1 1 0
	9 
p 283 1 0
	9 
cx 4 2 0
	8 9 
p 304 1 0
	9 
cx 4 2 0
	8 9 
ry 305 1 0
	8 
cx 4 2 0
	7 8 
h 1 1 0
	7 
p 286 1 0
	7 
cx 4 2 0
	6 7 
p 306 1 0
	7 
cx 4 2 0
	6 7 
ry 307 1 0
	6 
cx 4 2 0
	5 6 
h 1 1 0
	5 
p 289 1 0
	5 
cx 4 2 0
	4 5 
p 308 1 0
	5 
cx 4 2 0
	4 5 
ry 291 1 0
	4 
cx 4 2 0
	3 4 
h 1 1 0
	3 
p 292 1 0
	3 
cx 4 2 0
	2 3 
p 293 1 0
	3 
cx 4 2 0
	2 3 
ry 294 1 0
	2 
cx 4 2 0
	1 2 
h 1 1 0
	1 
p 295 1 0
	1 
h 1 1 0
	10 
p 296 1 0
	10 
cx 4 2 0
	9 10 
p 335 1 0
	10 
cx 4 2 0
	9 10 
ry 298 1 0
	9 
cx 4 2 0
	8 9 
h 1 1 0
	8 
p 310 1 0
	8 
cx 4 2 0
	7 8 
p 336 1 0
	8 
cx 4 2 0
	7 8 
ry 312 1 0
	7 
cx 4 2 0
	6 7 
h 1 1 0
	6 
p 313 1 0
	6 
cx 4 2 0
	5 6 
p 314 1 0
	6 
cx 4 2 0
	5 6 
ry 315 1 0
	5 
cx 4 2 0
	4 5 
h 1 1 0
	4 
p 316 1 0
	4 
cx 4 2 0
	3 4 
p 317 1 0
	4 
cx 4 2 0
	3 4 
ry 318 1 0
	3 
cx 4 2 0
	2 3 
h 1 1 0
	2 
p 319 1 0
	2 
cx 4 2 0
	1 2 
p 320 1 0
	2 
cx 4 2 0
	1 2 
ry 321 1 0
	1 
ry 341 1 0
	10 
cx 4 2 0
	9 10 
h 1 1 0
	9 
p 323 1 0
	9 
cx 4 2 0
	8 9 
p 342 1 0
	9 
cx 4 2 0
	8 9 
ry 325 1 0
	8 
cx 4 2 0
	7 8 
h 1 1 0
	7 
p 326 1 0
	7 
cx 4 2 0
	6 7 
p 327 1 0
	7 
cx 4 2 0
	6 7 
ry 328 1 0
	6 
cx 4 2 0
	5 6 
h 1 1 0
	5 
p 329 1 0
	5 
cx 4 2 0
	4 5 
p 330 1 0
	5 
cx 4 2 0
	4 5 
ry 331 1 0
	4 
cx 4 2 0
	3 4 
h 1 1 0
	3 
p 343 1 0
	3 
cx 4 2 0
	2 3 
p 344 1 0
	3 
cx 4 2 0
	2 3 
ry 345 1 0
	2 
cx 4 2 0
	1 2 
h 1 1 0
	1 
p 442 1 0
	1 
h 1 1 0
	10 
p 347 1 0
	10 
cx 4 2 0
	9 10 
p 348 1 0
	10 
cx 4 2 0
	9 10 
ry 349 1 0
	9 
cx 4 2 0
	8 9 
h 1 1 0
	8 
p 350 1 0
	8 
cx 4 2 0
	7 8 
p 351 1 0
	8 
cx 4 2 0
	7 8 
ry 352 1 0
	7 
cx 4 2 0
	6 7 
h 1 1 0
	6 
p 353 1 0
	6 
cx 4 2 0
	5 6 
p 354 1 0
	6 
cx 4 2 0
	5 6 
ry 355 1 0
	5 
cx 4 2 0
	4 5 
h 1 1 0
	4 
p 356 1 0
	4 
cx 4 2 0
	3 4 
p 357 1 0
	4 
cx 4 2 0
	3 4 
ry 358 1 0
	3 
cx 4 2 0
	2 3 
h 1 1 0
	2 
p 449 1 0
	2 
cx 4 2 0
	1 2 
p 360 1 0
	2 
cx 4 2 0
	1 2 
ry 451 1 0
	1 
ry 362 1 0
	10 
cx 4 2 0
	9 10 
h 1 1 0
	9 
p 363 1 0
	9 
cx 4 2 0
	8 9 
p 364 1 0
	9 
cx 4 2 0
	8 9 
ry 365 1 0
	8 
cx 4 2 0
	7 8 
h 1 1 0
	7 
p 377 1 0
	7 
cx 4 2 0
	6 7 
p 378 1 0
	7 
cx 4 2 0
	6 7 
ry 379 1 0
	6 
cx 4 2 0
	5 6 
h 1 1 0
	5 
p 457 1 0
	5 
cx 4 2 0
	4 5 
p 381 1 0
	5 
cx 4 2 0
	4 5 
ry 480 1 0
	4 
cx 4 2 0
	3 4 
h 1 1 0
	3 
p 459 1 0
	3 
cx 4 2 0
	2 3 
p 384 1 0
	3 
cx 4 2 0
	2 3 
ry 481 1 0
	2 
cx 4 2 0
	1 2 
h 1 1 0
	1 
p 461 1 0
	1 
h 1 1 0
	10 
p 387 1 0
	10 
cx 4 2 0
	9 10 
p 388 1 0
	10 
cx 4 2 0
	9 10 
ry 389 1 0
	9 
cx 4 2 0
	8 9 
h 1 1 0
	8 
p 390 1 0
	8 
cx 4 2 0
	7 8 
p 391 1 0
	8 
cx 4 2 0
	7 8 
ry 392 1 0
	7 
cx 4 2 0
	6 7 
h 1 1 0
	6 
p 467 1 0
	6 
cx 4 2 0
	5 6 
p 394 1 0
	6 
cx 4 2 0
	5 6 
ry 514 1 0
	5 
cx 4 2 0
	4 5 
h 1 1 0
	4 
p 469 1 0
	4 
cx 4 2 0
	3 4 
p 397 1 0
	4 
cx 4 2 0
	3 4 
ry 482 1 0
	3 
cx 4 2 0
	2 3 
h 1 1 0
	2 
p 471 1 0
	2 
cx 4 2 0
	1 2 
p 483 1 0
	2 
cx 4 2 0
	1 2 
ry 472 1 0
	1 
ry 515 1 0
	10 
cx 4 2 0
	9 10 
h 1 1 0
	9 
p 474 1 0
	9 
cx 4 2 0
	8 9 
p 516 1 0
	9 
cx 4 2 0
	8 9 
ry 517 1 0
	8 
cx 4 2 0
	7 8 
h 1 1 0
	7 
p 477 1 0
	7 
cx 4 2 0
	6 7 
p 518 1 0
	7 
cx 4 2 0
	6 7 
ry 479 1 0
	6 
cx 4 2 0
	5 6 
h 1 1 0
	5 
p 485 1 0
	5 
cx 4 2 0
	4 5 
p 519 1 0
	5 
cx 4 2 0
	4 5 
ry 520 1 0
	4 
cx 4 2 0
	3 4 
h 1 1 0
	3 
p 488 1 0
	3 
cx 4 2 0
	2 3 
p 521 1 0
	3 
cx 4 2 0
	2 3 
ry 522 1 0
	2 
cx 4 2 0
	1 2 
h 1 1 0
	1 
p 491 1 0
	1 
h 1 1 0
	10 
p 523 1 0
	10 
cx 4 2 0
	9 10 
p 556 1 0
	10 
cx 4 2 0
	9 10 
ry 557 1 0
	9 
cx 4 2 0
	8 9 
h 1 1 0
	8 
p 495 1 0
	8 
cx 4 2 0
	7 8 
p 558 1 0
	8 
cx 4 2 0
	7 8 
ry 559 1 0
	7 
cx 4 2 0
	6 7 
h 1 1 0
	6 
p 498 1 0
	6 
cx 4 2 0
	5 6 
p 560 1 0
	6 
cx 4 2 0
	5 6 
ry 561 1 0
	5 
cx 4 2 0
	4 5 
h 1 1 0
	4 
p 501 1 0
	4 
cx 4 2 0
	3 4 
p 562 1 0
	4 
cx 4 2 0
	3 4 
ry 524 1 0
	3 
cx 4 2 0
	2 3 
h 1 1 0
	2 
p 504 1 0
	2 
cx 4 2 0
	1 2 
p 525 1 0
	2 
cx 4 2 0
	1 2 
ry 506 1 0
	1 
ry 563 1 0
	10 
cx 4 2 0
	9 10 
h 1 1 0
	9 
p 508 1 0
	9 
cx 4 2 0
	8 9 
p 564 1 0
	9 
cx 4 2 0
	8 9 
ry 565 1 0
	8 
cx 4 2 0
	7 8 
h 1 1 0
	7 
p 511 1 0
	7 
cx 4 2 0
	6 7 
p 566 1 0
	7 
cx 4 2 0
	6 7 
ry 513 1 0
	6 
cx 4 2 0
	5 6 
h 1 1 0
	5 
p 527 1 0
	5 
cx 4 2 0
	4 5 
p 567 1 0
	5 
cx 4 2 0
	4 5 
ry 568 1 0
	4 
cx 4 2 0
	3 4 
h 1 1 0
	3 
p 530 1 0
	3 
cx 4 2 0
	2 3 
p 569 1 0
	3 
cx 4 2 0
	2 3 
ry 570 1 0
	2 
cx 4 2 0
	1 2 
h 1 1 0
	1 
p 533 1 0
	1 
h 1 1 0
	10 
p 571 1 0
	10 
cx 4 2 0
	9 10 
p 604 1 0
	10 
cx 4 2 0
	9 10 
ry 605 1 0
	9 
cx 4 2 0
	8 9 
h 1 1 0
	8 
p 537 1 0
	8 
cx 4 2 0
	7 8 
p 606 1 0
	8 
cx 4 2 0
	7 8 
ry 607 1 0
	7 
cx 4 2 0
	6 7 
h 1 1 0
	6 
p 540 1 0
	6 
cx 4 2 0
	5 6 
p 608 1 0
	6 
cx 4 2 0
	5 6 
ry 609 1 0
	5 
cx 4 2 0
	4 5 
h 1 1 0
	4 
p 543 1 0
	4 
cx 4 2 0
	3 4 
p 610 1 0
	4 
cx 4 2 0
	3 4 
ry 572 1 0
	3 
cx 4 2 0
	2 3 
h 1 1 0
	2 
p 546 1 0
	2 
cx 4 2 0
	1 2 
p 573 1 0
	2 
cx 4 2 0
	1 2 
ry 548 1 0
	1 
ry 611 1 0
	10 
cx 4 2 0
	9 10 
h 1 1 0
	9 
p 550 1 0
	9 
cx 4 2 0
	8 9 
p 612 1 0
	9 
cx 4 2 0
	8 9 
ry 613 1 0
	8 
cx 4 2 0
	7 8 
h 1 1 0
	7 
p 553 1 0
	7 
cx 4 2 0
	6 7 
p 614 1 0
	7 
cx 4 2 0
	6 7 
ry 555 1 0
	6 
cx 4 2 0
	5 6 
h 1 1 0
	5 
p 575 1 0
	5 
cx 4 2 0
	4 5 
p 615 1 0
	5 
cx 4 2 0
	4 5 
ry 616 1 0
	4 
cx 4 2 0
	3 4 
h 1 1 0
	3 
p 578 1 0
	3 
cx 4 2 0
	2 3 
p 617 1 0
	3 
cx 4 2 0
	2 3 
ry 618 1 0
	2 
cx 4 2 0
	1 2 
h 1 1 0
	1 
p 581 1 0
	1 
h 1 1 0
	10 
p 619 1 0
	10 
cx 4 2 0
	9 10 
p 652 1 0
	10 
cx 4 2 0
	9 10 
ry 653 1 0
	9 
cx 4 2 0
	8 9 
h 1 1 0
	8 
p 585 1 0
	8 
cx 4 2 0
	7 8 
p 654 1 0
	8 
cx 4 2 0
	7 8 
ry 655 1 0
	7 
cx 4 2 0
	6 7 
h 1 1 0
	6 
p 588 1 0
	6 
cx 4 2 0
	5 6 
p 656 1 0
	6 
cx 4 2 0
	5 6 
ry 657 1 0
	5 
cx 4 2 0
	4 5 
h 1 1 0
	4 
p 591 1 0
	4 
cx 4 2 0
	3 4 
p 658 1 0
	4 
cx 4 2 0
	3 4 
ry 620 1 0
	3 
cx 4 2 0
	2 3 
h 1 1 0
	2 
p 594 1 0
	2 
cx 4 2 0
	1 2 
p 621 1 0
	2 
cx 4 2 0
	1 2 
ry 596 1 0
	1 
ry 659 1 0
	10 
cx 4 2 0
	9 10 
h 1 1 0
	9 
p 598 1 0
	9 
cx 4 2 0
	8 9 
p 660 1 0
	9 
cx 4 2 0
	8 9 
ry 661 1 0
	8 
cx 4 2 0
	7 8 
h 1 1 0
	7 
p 601 1 0
	7 
cx 4 2 0
	6 7 
p 662 1 0
	7 
cx 4 2 0
	6 7 
ry 603 1 0
	6 
cx 4 2 0
	5 6 
h 1 1 0
	5 
p 623 1 0
	5 
cx 4 2 0
	4 5 
p 663 1 0
	5 
cx 4 2 0
	4 5 
ry 664 1 0
	4 
cx 4 2 0
	3 4 
h 1 1 0
	3 
p 626 1 0
	3 
cx 4 2 0
	2 3 
p 665 1 0
	3 
cx 4 2 0
	2 3 
ry 666 1 0
	2 
cx 4 2 0
	1 2 
h 1 1 0
	10 
p 629 1 0
	10 
cx 4 2 0
	9 10 
p 667 1 0
	10 
cx 4 2 0
	9 10 
ry 631 1 0
	9 
cx 4 2 0
	8 9 
h 1 1 0
	8 
p 632 1 0
	8 
cx 4 2 0
	7 8 
p 633 1 0
	8 
cx 4 2 0
	7 8 
ry 634 1 0
	7 
cx 4 2 0
	6 7 
h 1 1 0
	6 
p 635 1 0
	6 
cx 4 2 0
	5 6 
p 636 1 0
	6 
cx 4 2 0
	5 6 
ry 637 1 0
	5 
cx 4 2 0
	4 5 
h 1 1 0
	4 
p 638 1 0
	4 
cx 4 2 0
	3 4 
p 639 1 0
	4 
cx 4 2 0
	3 4 
ry 640 1 0
	3 
cx 4 2 0
	2 3 
ry 668 1 0
	10 
cx 4 2 0
	9 10 
h 1 1 0
	9 
p 642 1 0
	9 
cx 4 2 0
	8 9 
p 669 1 0
	9 
cx 4 2 0
	8 9 
ry 644 1 0
	8 
cx 4 2 0
	7 8 
h 1 1 0
	7 
p 645 1 0
	7 
cx 4 2 0
	6 7 
p 646 1 0
	7 
cx 4 2 0
	6 7 
ry 647 1 0
	6 
cx 4 2 0
	5 6 
h 1 1 0
	5 
p 648 1 0
	5 
cx 4 2 0
	4 5 
p 649 1 0
	5 
cx 4 2 0
	4 5 
ry 650 1 0
	4 
cx 4 2 0
	3 4 
h 1 1 0
	10 
p 670 1 0
	10 
cx 4 2 0
	9 10 
p 671 1 0
	10 
cx 4 2 0
	9 10 
ry 672 1 0
	9 
cx 4 2 0
	8 9 
h 1 1 0
	8 
p 673 1 0
	8 
cx 4 2 0
	7 8 
p 674 1 0
	8 
cx 4 2 0
	7 8 
ry 675 1 0
	7 
cx 4 2 0
	6 7 
h 1 1 0
	6 
p 676 1 0
	6 
cx 4 2 0
	5 6 
p 677 1 0
	6 
cx 4 2 0
	5 6 
ry 678 1 0
	5 
cx 4 2 0
	4 5 
ry 679 1 0
	10 
cx 4 2 0
	9 10 
h 1 1 0
	9 
p 680 1 0
	9 
cx 4 2 0
	8 9 
p 681 1 0
	9 
cx 4 2 0
	8 9 
ry 682 1 0
	8 
cx 4 2 0
	7 8 
h 1 1 0
	7 
p 683 1 0
	7 
cx 4 2 0
	6 7 
p 684 1 0
	7 
cx 4 2 0
	6 7 
ry 685 1 0
	6 
cx 4 2 0
	5 6 
h 1 1 0
	10 
p 686 1 0
	10 
cx 4 2 0
	9 10 
p 687 1 0
	10 
cx 4 2 0
	9 10 
ry 688 1 0
	9 
cx 4 2 0
	8 9 
h 1 1 0
	8 
p 689 1 0
	8 
cx 4 2 0
	7 8 
p 690 1 0
	8 
cx 4 2 0
	7 8 
ry 691 1 0
	7 
cx 4 2 0
	6 7 
ry 692 1 0
	10 
cx 4 2 0
	9 10 
h 1 1 0
	9 
p 693 1 0
	9 
cx 4 2 0
	8 9 
p 694 1 0
	9 
cx 4 2 0
	8 9 
ry 695 1 0
	8 
cx 4 2 0
	7 8 
h 1 1 0
	10 
p 696 1 0
	10 
cx 4 2 0
	9 10 
p 697 1 0
	10 
cx 4 2 0
	9 10 
ry 698 1 0
	9 
cx 4 2 0
	8 9 
ry 699 1 0
	10 
cx 4 2 0
	9 10 
